> tiar-3 (M005_0.6)
A 18.9605219421985 10.3677932932954 0.875852820080544 0.875852820080544 0.875852820080544 0.875852820080544 3.23704182009224
C 48.2194645942127 9.88005904403853 0.875852820080544 0.875852820080544 0.875852820080544 0.875852820080544 11.3077090918993
G 10.2850529565822 0.875852820080544 0.875852820080544 0.875852820080544 0.875852820080544 0.875852820080544 11.8739566325627
T 22.5349604512755 78.8762949762942 97.3724416734669 97.3724416734669 97.3724416734669 97.3724416734669 73.5812925479549
> exc-7 (M014_0.6)
A 7.95752249505711 0.711703070931139 61.7243472651801 68.6857748931106 0.711703070931139 0.711703070931139 0.711703070931139
C 18.1259273554526 0.711703070931139 0.711703070931139 0.711703070931139 0.711703070931139 0.711703070931139 0.711703070931139
G 7.95752249505711 0.711703070931139 18.952662292132 19.6769631270731 87.7479886043236 0.711703070931139 0.711703070931139
T 65.9590275577248 97.8648910733411 18.611287657891 10.9255591950196 10.8286055399487 97.8648910733411 97.8648910733411
> fox-1 (M017_0.6)
A 29.8745043927636 0.3967692980552 0.3967692980552 98.8096922085338 0.3967692980552 0.3967692980552 40.5194573634082
C 5.12258035946438 0.3967692980552 98.8096922085338 0.3967692980552 0.3967692980552 0.3967692980552 38.9106701227325
G 5.12258035946438 98.8096922085338 0.3967692980552 0.3967692980552 0.3967692980552 98.8096922085338 10.2849361903183
T 59.8803348190284 0.3967692980552 0.3967692980552 0.3967692980552 98.8096922085338 0.3967692980552 10.2849361903183
> mex-5/6 (M038_0.6)
A 43.0285328169302 0.542896682798118 98.3713101626605 98.3713101626605 0.542896682798118 98.3713101626605 48.400837031632 24.1252419506809
C 13.1759208634787 0.542896682798118 0.542896682798118 0.542896682798118 0.542896682798118 0.542896682798118 5.20096781350867 19.1759574507243
G 13.1759208634787 0.542896682798118 0.542896682798118 0.542896682798118 0.542896682798118 0.542896682798118 5.20096781350867 22.3329566761404
T 30.6196254950568 98.3713101626605 0.542896682798118 0.542896682798118 98.3713101626605 0.542896682798118 41.197227505483 34.3658437686404
> msi-1 (M040_0.6)
A 5.73908450322538 96.8267430564211 1.05775239209646 12.4088616708191 43.6631437390063 55.9228530097152 13.8156348988225
C 5.73908450322538 1.05775239209646 1.05775239209646 10.3802801091639 1.05775239209646 3.40974027387246 5.69421741072173
G 5.73908450322538 1.05775239209646 96.8267430564211 11.5982277003152 1.05775239209646 37.2576666012112 74.7959299486104
T 82.7827466201957 1.05775239209646 1.05775239209646 65.6126307524123 54.2213517095112 3.40974027387246 5.69421741072173
> asd-2 (M046_0.6)
A 82.4349987340932 1.46857902481741 1.46857902481741 95.5942627034291 95.5942627034291 1.46857902481741 41.1147838945707
C 5.85500035959731 95.5942627034291 1.46857902481741 1.46857902481741 1.46857902481741 82.0842135003972 30.4972072342184
G 5.85500035959731 1.46857902481741 1.46857902481741 1.46857902481741 1.46857902481741 1.46857902481741 17.3045744395095
T 5.85500035959731 1.46857902481741 95.5942627034291 1.46857902481741 1.46857902481741 14.9786282278493 11.0834350817173
> unc-75 (M079_0.6)
A 3.28949949438103 12.0155760980245 0.928038287147575 9.3880950088104 0.928038287147575 0.928038287147575 16.8134006494198
C 3.28949949438103 3.28949949438103 0.928038287147575 0.928038287147575 0.928038287147575 0.928038287147575 5.88521159600198
G 11.0439713317493 73.6509530719129 0.928038287147575 9.28381080311065 87.4690360827038 10.6748876184269 61.4269790967741
T 82.3770296755564 11.0439713317493 97.2158854139833 80.4000561763573 10.6748876184269 87.4690360827038 15.874408552863
> cey-1 (M081_0.6)
A 97.986256700864 82.9912227345672 0.671247789631372 97.986256700864 7.72643138116462 0.671247789631372 49.2456365143676
C 0.671247789631372 15.6662817559278 97.986256700864 0.671247789631372 13.3262691177024 97.986256700864 15.3979898203796
G 0.671247789631372 0.671247789631372 0.671247789631372 0.671247789631372 0.671247789631372 0.671247789631372 17.1614806337828
T 0.671247789631372 0.671247789631372 0.671247789631372 0.671247789631372 78.2760517812594 0.671247789631372 18.1948931706103
> cey-1 (M082_0.6)
A 88.1092803283992 88.1092803283992 0.966555329802597 97.1003341052362 49.7567600100071 0.966555329802597 32.8968086348239
C 0.966555329802597 0.966555329802597 88.1092803283992 0.966555329802597 0.966555329802597 97.1003341052362 10.5498416396872
G 9.9576091066395 9.9576091066395 9.9576091066395 0.966555329802597 9.9576091066395 0.966555329802597 27.1539616724664
T 0.966555329802597 0.966555329802597 0.966555329802597 0.966555329802597 39.3190756481947 0.966555329802597 29.3993876174639
> rsp-3 (M102_0.6)
A 3.30064741348171 26.3594053569917 89.0570775745253 0.945149550162688 0.945149550162688 76.2919910171658 29.3264286431909
C 3.30064741348171 0.945149550162688 0.945149550162688 10.3967999019798 0.945149550162688 0.945149550162688 37.3622512763058
G 90.0980581181854 71.7502956598235 0.945149550162688 76.2919910171658 97.1645514666528 21.8177099996493 17.2299786514308
T 3.30064741348171 0.945149550162688 9.05262344228984 12.3660596478323 0.945149550162688 0.945149550162688 16.0813417021854
> rsp-3 (M103_0.6)
A 0.965532451511902 18.6153135273642 97.1034031170204 0.965532451511902 0.965532451511902 76.3391151979633 31.2983970753302
C 0.965532451511902 0.965532451511902 0.965532451511902 10.6559739752812 0.965532451511902 0.965532451511902 30.8198301974468
G 97.1034031170204 79.4536220411681 0.965532451511902 76.3391151979633 97.1034031170204 21.7298203705689 19.2780278674256
T 0.965532451511902 0.965532451511902 0.965532451511902 12.0393788467996 0.965532451511902 0.965532451511902 18.6037445632929
> rsp-3 (M104_0.6)
A 3.28371276042897 0.925910296903044 97.2222694531267 0.925910296903044 0.925910296903044 59.0513369503245 36.0908628119485
C 3.28371276042897 0.925910296903044 0.925910296903044 19.7243057618107 0.925910296903044 0.925910296903044 19.0569154572861
G 90.1488620102929 97.2222694531267 0.925910296903044 68.6305926944115 97.2222694531267 39.0968427997055 36.7942102370767
T 3.28371276042897 0.925910296903044 0.925910296903044 10.7191915907109 0.925910296903044 0.925910296903044 8.05801124217138
> rsp-3 (M105_0.6)
A 3.22045160464388 0.863687553219887 97.4089375176424 0.863687553219887 0.863687553219887 59.1164699843775 36.5814774758368
C 3.22045160464388 0.863687553219887 0.863687553219887 19.3047176377405 0.863687553219887 0.863687553219887 27.1332870453425
G 90.3386454402843 97.4089375176424 0.863687553219887 68.9072028916931 97.4089375176424 39.1561550864848 28.2574184832671
T 3.22045160464388 0.863687553219887 0.863687553219887 10.9243920946485 0.863687553219887 0.863687553219887 8.02781663642895
> rsp-3 (M106_0.6)
A 32.8310090142541 89.7566337024074 1.01575478330609 1.01575478330609 96.9527360979772 5.76934479119749 64.9822554246116 33.9070646505922
C 40.7810043482976 3.4144555969364 1.01575478330609 1.01575478330609 1.01575478330609 63.0209308284194 18.8223937559225 31.3697725478643
G 13.1939932564949 3.4144555969364 96.9527360979772 96.9527360979772 1.01575478330609 16.5632566258594 8.09767527389904 21.8962235940942
T 13.1939932564949 3.4144555969364 1.01575478330609 1.01575478330609 1.01575478330609 14.646467730971 8.09767527389904 12.8269392101506
> cey-1 (M111_0.6)
A 90.6348608959452 75.3416547466716 0.762885242361852 97.7113439113457 0.762885242361852 0.762885242361852 54.6032838368432
C 3.12171297914893 23.1325744070362 97.7113439113457 0.762885242361852 19.2342019516062 97.7113439113457 5.81726967114643
G 3.12171297914893 0.762885242361852 0.762885242361852 0.762885242361852 0.762885242361852 0.762885242361852 23.0545965203325
T 3.12171297914893 0.762885242361852 0.762885242361852 0.762885242361852 79.2400272021014 0.762885242361852 16.5248499377502
> asd-2/gld-1 (M113_0.6)
A 79.0790772967245 0.388111803242964 0.388111803242964 98.8356645330312 98.8356645330312 0.388111803242964 43.2036802900221
C 6.9736408567501 98.8356645330312 0.388111803242964 0.388111803242964 0.388111803242964 98.8356645330312 29.4945818273152
G 6.9736408567501 0.388111803242964 0.388111803242964 0.388111803242964 0.388111803242964 0.388111803242964 16.9992751280551
T 6.9736408567501 0.388111803242964 98.8356645330312 0.388111803242964 0.388111803242964 0.388111803242964 10.3024627770002
> mex-3 (M122_0.6)
A 52.2103438857505 6.25411033390471 71.0227383551784 19.5493938585509 19.0298424233204 59.7975335867867 28.2501530938907 42.3025226947877
C 13.1798946798685 6.25411033390471 3.95577957708748 1.62832395264046 1.62832395264046 1.62832395264046 9.96234099840597 13.4511931116575
G 13.1798946798685 81.2376692659747 12.2693855728054 77.1939584159448 9.96234099840597 18.2454216289528 1.62832395264046 30.7950912737451
T 21.4298669224611 6.25411033390471 12.7520963956956 1.62832395264046 69.3794928054097 20.3287210113965 60.1591821348394 13.4511931116575
> pab-1 (M130_0.6)
A 3.12550141352371 97.7566511731964 97.7566511731964 97.7566511731964 97.7566511731964 28.6074856419372 20.5580037672934
C 3.12550141352371 0.747783001000496 0.747783001000496 0.747783001000496 0.747783001000496 20.8827871764937 37.5666689283048
G 90.6234955489106 0.747783001000496 0.747783001000496 0.747783001000496 0.747783001000496 9.73854691339106 30.6196746055748
T 3.12550141352371 0.747783001000496 0.747783001000496 0.747783001000496 0.747783001000496 40.7711804443762 11.2556529929106
> tag-262 (M142_0.6)
A 76.2509870175323 97.4051961825069 0.864934515937539 0.864934515937539 97.4051961825069 52.1991671568225 10.4219040959224
C 7.91633768215905 0.864934515937539 97.4051961825069 0.864934515937539 0.864934515937539 31.7983267747242 10.4219040959224
G 7.91633768215905 0.864934515937539 0.864934515937539 0.864934515937539 0.864934515937539 3.25968476589352 68.7342879365605
T 7.91633768215905 0.864934515937539 0.864934515937539 97.4051961825069 0.864934515937539 12.7428216292518 10.4219040959224
> pabp-2 (M148_0.6)
A 97.4659063714268 28.3085945567195 97.4659063714268 97.4659063714268 19.3759322124929 97.4659063714268 22.4875901129375
C 0.844697756161774 0.844697756161774 0.844697756161774 0.844697756161774 9.55764367951483 0.844697756161774 31.2169586293529
G 0.844697756161774 70.002009570869 0.844697756161774 0.844697756161774 70.2217259917426 0.844697756161774 22.5891494291442
T 0.844697756161774 0.844697756161774 0.844697756161774 0.844697756161774 0.844697756161774 0.844697756161774 23.706301907418
> rsp-3 (M154_0.6)
A 8.39260428943198 3.20012876579039 68.2892651008082 10.141816961188 7.96785053628415 83.2374390592383 20.0980990252196
C 8.39260428943198 3.20012876579039 0.856970229059915 0.856970229059915 7.92378364929286 10.2826922955015 22.1259632449877
G 74.8221868906303 90.3996138860931 29.996794629357 88.1442427689769 83.2513957736482 3.23993435304212 52.0674697139927
T 8.39260428943198 3.20012876579039 0.856970229059915 0.856970229059915 0.856970229059915 3.23993435304212 5.70846760890824
> msi-1 (M167_0.6)
A 3.45599217136254 96.6920599644187 1.10264664414731 11.0708273625208 36.1518820358638 56.358453575312 10.2479925693738
C 3.45599217136254 1.10264664414731 1.10264664414731 10.0671958864918 1.10264664414731 5.77262188138635 10.2479925693738
G 3.45599217136254 1.10264664414731 96.6920599644187 20.2113005130197 10.0974778706823 32.0963025342606 69.256022136361
T 89.6320230826985 1.10264664414731 1.10264664414731 58.6506761348283 52.6479933461672 5.77262188138635 10.2479925693738
> sup-12 (M170_0.6)
A 26.8546603675054 0.924450767852043 9.71392799523235 0.924450767852043 0.924450767852043 0.924450767852043 54.7425367691711
C 7.94929450336221 0.924450767852043 0.924450767852043 0.924450767852043 0.924450767852043 0.924450767852043 8.31238383985125
G 7.94929450336221 97.226647443589 0.924450767852043 97.226647443589 0.924450767852043 97.226647443589 18.3887509798094
T 57.2467507324113 0.924450767852043 88.4371702162086 0.924450767852043 97.226647443589 0.924450767852043 18.5563286833778
> asd-1 (M171_0.6)
A 28.0940977387674 0.482091580160636 0.482091580160636 98.5537253926226 0.482091580160636 0.482091580160636 57.2987673780365
C 9.93223711789978 0.482091580160636 98.5537253926226 0.482091580160636 0.482091580160636 0.482091580160636 17.9058226557485
G 9.93223711789978 98.5537253926226 0.482091580160636 0.482091580160636 0.482091580160636 98.5537253926226 7.90052646057646
T 52.041427972722 0.482091580160636 0.482091580160636 0.482091580160636 98.5537253926226 0.482091580160636 16.8948836915445
> mec-8 (M172_0.6)
A 38.2354399445965 41.1752335194953 1.14185917099152 1.14185917099152 96.5744225861085 1.14185917099152 82.41124571156
C 10.5642914855843 3.50622401422537 1.14185917099152 96.5744225861085 1.14185917099152 96.5744225861085 5.86291813894281
G 20.8524086046983 3.50622401422537 96.5744225861085 1.14185917099152 1.14185917099152 1.14185917099152 5.86291813894281
T 30.3478600631681 51.8123185769733 1.14185917099152 1.14185917099152 1.14185917099152 1.14185917099152 5.86291813894281
> tag-310 (M173_0.6)
A 74.7525508197882 1.37923215663222 95.8623030057398 10.6063212569741 39.5411571372234 30.218206910235 62.6452358454033
C 8.41581637914671 1.37923215663222 1.37923215663222 1.37923215663222 1.37923215663222 10.6063212569741 6.08185906774247
G 8.41581637914671 1.37923215663222 1.37923215663222 1.37923215663222 1.37923215663222 10.2597464144829 25.1910460592564
T 8.41581637914671 95.8623030057398 1.37923215663222 86.6352139053979 57.7003780251486 48.9157248939445 6.08185906774247
> etr-1 (M174_0.6)
A 3.41734561898668 1.06653414340014 1.06653414340014 17.8966558512777 1.06653414340014 1.06653414340014 5.79608409606342
C 3.41734561898668 1.06653414340014 1.06653414340014 1.06653414340014 1.06653414340014 1.06653414340014 5.79608409606342
G 41.2725579335108 32.267565287555 20.3005139194524 45.9774848857406 1.06653414340014 96.8003975201292 5.79608409606342
T 51.8927512640104 65.5993663759742 77.5664177440769 35.0593250699111 96.8003975201292 1.06653414340014 82.6117474299829
> tiar-1/2 (M219_0.6)
A 19.3812150073848 9.34422444376736 0.866128119750181 0.866128119750181 0.866128119750181 0.866128119750181 3.2285877391801
C 37.4055159153175 0.866128119750181 0.866128119750181 0.866128119750181 0.866128119750181 0.866128119750181 11.3439505111696
G 19.4481113871575 0.866128119750181 0.866128119750181 0.866128119750181 0.866128119750181 0.866128119750181 11.4828989441725
T 23.7651577618234 88.9235188851008 97.401615209118 97.401615209118 97.401615209118 97.401615209118 73.9445632248909
> eif2-alpha (M231_0.6)
A 41.2365140472584 1.45252160073923 1.45252160073923 95.6424355923658 1.45252160073923 1.45252160073923 24.9670933430663
C 10.6883253308221 1.45252160073923 95.6424355923658 1.45252160073923 1.45252160073923 1.45252160073923 42.5963331655786
G 10.6883253308221 95.6424355923658 1.45252160073923 1.45252160073923 1.45252160073923 95.6424355923658 16.3663669644196
T 37.386834669602 1.45252160073923 1.45252160073923 1.45252160073923 95.6424355923658 1.45252160073923 16.0702066884987
> tag-262 (M237_0.6)
A 12.9454268482862 65.6153742144596 95.0383768866942 1.65387444400462 1.65387444400462 95.0383768866942 6.37184011453699 30.5151488291231
C 42.5941825198073 8.44131765659118 1.65387444400462 95.0383768866942 1.65387444400462 1.65387444400462 80.8844794932511 13.7316172069145
G 31.5149636864589 8.44131765659118 1.65387444400462 1.65387444400462 1.65387444400462 1.65387444400462 6.37184011453699 33.6410153085593
T 12.9454268482862 17.5019900014733 1.65387444400462 1.65387444400462 95.0383768866942 1.65387444400462 6.37184011453699 22.1122192091636
> cey-1 (M250_0.6)
A 100 100 0 92.307692307692 15.384615384615 0
C 0 0 76.923076923077 0 7.6923076923077 84.615384615385
G 0 0 23.076923076923 0 0 0
T 0 0 0 7.6923076923077 76.923076923077 15.384615384615
> cey-1 (M254_0.6)
A 100 100 0 100 10 0
C 0 0 80 0 20 90
G 0 0 10 0 0 0
T 0 0 10 0 70 10
> cey-1 (M260_0.6)
A 11.111111111111 5.5555555555556 5.5555555555556 72.222222222222 11.111111111111 88.888888888889 33.333333333333 0 100 0 0 0 5.5555555555556
C 0 77.777777777778 94.444444444444 11.111111111111 44.444444444444 0 66.666666666667 100 0 50 100 0 83.333333333333
G 77.777777777778 11.111111111111 0 0 22.222222222222 0 0 0 0 0 0 100 0
T 11.111111111111 5.5555555555556 0 16.666666666667 22.222222222222 11.111111111111 0 0 0 50 0 0 11.111111111111
> sap-49 (M261_0.6)
A 0 0 0 0 0 100
C 0 25 0 0 0 0
G 75 0 100 0 100 0
T 25 75 0 100 0 0
> asd-2 (M262_0.6)
A 7.0175438596491 100 0 0 100 100 0
C 3.5087719298246 0 100 0 0 0 87.719298245614
G 10.526315789474 0 0 0 0 0 0
T 78.947368421053 0 0 100 0 0 12.280701754386
> rsp-3 (M270_0.6)
A 29.8745043927636 0.3967692980552 0.3967692980552 98.8096922085338 0.3967692980552 0.3967692980552 40.5194573634082
C 5.12258035946438 0.3967692980552 98.8096922085338 0.3967692980552 0.3967692980552 0.3967692980552 38.9106701227325
G 5.12258035946438 98.8096922085338 0.3967692980552 0.3967692980552 0.3967692980552 98.8096922085338 10.2849361903183
T 59.8803348190284 0.3967692980552 0.3967692980552 0.3967692980552 98.8096922085338 0.3967692980552 10.2849361903183
> rsp-3 (M272_0.6)
A 55 0 85 80 5 60 75 0
C 5 5 0 5 5 0 0 90
G 30 95 10 10 85 40 25 0
T 10 0 5 5 5 0 0 10
> rsp-3 (M273_0.6)
A 82.352941176471 0 0 0 0 11.764705882353 52.941176470588
C 5.8823529411765 100 0 94.117647058824 0 88.235294117647 5.8823529411765
G 5.8823529411765 0 100 5.8823529411765 88.235294117647 0 29.411764705882
T 5.8823529411765 0 0 0 11.764705882353 0 11.764705882353
> asd-2 (M281_0.6)
A 6.03265341719456 1.30412745122818 1.30412745122818 1.30412745122818 20.2543478392952 1.30412745122818 6.02729456470117
C 6.03265341719456 1.30412745122818 1.30412745122818 1.30412745122818 1.30412745122818 1.30412745122818 6.02729456470117
G 6.03265341719456 96.0876174794284 1.30412745122818 85.8392416876179 40.0628525557848 47.8254426039564 73.174716908235
T 81.9020397058174 1.30412745122818 96.0876174794284 11.5525032430386 38.3786719868048 49.5663023267001 14.7706944715558
> rsp-3 (M351_0.6)
A 55.555555555556 22.222222222222 2.7777777777778 97.222222222222 5.5555555555556 55.555555555556 27.777777777778 94.444444444444 22.222222222222 0
C 11.111111111111 0 0 2.7777777777778 91.666666666667 0 0 2.7777777777778 5.5555555555556 97.222222222222
G 11.111111111111 55.555555555556 94.444444444444 0 2.7777777777778 38.888888888889 69.444444444444 2.7777777777778 72.222222222222 0
T 22.222222222222 22.222222222222 2.7777777777778 0 0 5.5555555555556 2.7777777777778 0 0 2.7777777777778
A 18.9605219421985 10.3677932932954 0.875852820080544 0.875852820080544 0.875852820080544 0.875852820080544 3.23704182009224
C 48.2194645942127 9.88005904403853 0.875852820080544 0.875852820080544 0.875852820080544 0.875852820080544 11.3077090918993
G 10.2850529565822 0.875852820080544 0.875852820080544 0.875852820080544 0.875852820080544 0.875852820080544 11.8739566325627
T 22.5349604512755 78.8762949762942 97.3724416734669 97.3724416734669 97.3724416734669 97.3724416734669 73.5812925479549
A 7.95752249505711 0.711703070931139 61.7243472651801 68.6857748931106 0.711703070931139 0.711703070931139 0.711703070931139
C 18.1259273554526 0.711703070931139 0.711703070931139 0.711703070931139 0.711703070931139 0.711703070931139 0.711703070931139
G 7.95752249505711 0.711703070931139 18.952662292132 19.6769631270731 87.7479886043236 0.711703070931139 0.711703070931139
T 65.9590275577248 97.8648910733411 18.611287657891 10.9255591950196 10.8286055399487 97.8648910733411 97.8648910733411
A 29.8745043927636 0.3967692980552 0.3967692980552 98.8096922085338 0.3967692980552 0.3967692980552 40.5194573634082
C 5.12258035946438 0.3967692980552 98.8096922085338 0.3967692980552 0.3967692980552 0.3967692980552 38.9106701227325
G 5.12258035946438 98.8096922085338 0.3967692980552 0.3967692980552 0.3967692980552 98.8096922085338 10.2849361903183
T 59.8803348190284 0.3967692980552 0.3967692980552 0.3967692980552 98.8096922085338 0.3967692980552 10.2849361903183
A 43.0285328169302 0.542896682798118 98.3713101626605 98.3713101626605 0.542896682798118 98.3713101626605 48.400837031632 24.1252419506809
C 13.1759208634787 0.542896682798118 0.542896682798118 0.542896682798118 0.542896682798118 0.542896682798118 5.20096781350867 19.1759574507243
G 13.1759208634787 0.542896682798118 0.542896682798118 0.542896682798118 0.542896682798118 0.542896682798118 5.20096781350867 22.3329566761404
T 30.6196254950568 98.3713101626605 0.542896682798118 0.542896682798118 98.3713101626605 0.542896682798118 41.197227505483 34.3658437686404
A 5.73908450322538 96.8267430564211 1.05775239209646 12.4088616708191 43.6631437390063 55.9228530097152 13.8156348988225
C 5.73908450322538 1.05775239209646 1.05775239209646 10.3802801091639 1.05775239209646 3.40974027387246 5.69421741072173
G 5.73908450322538 1.05775239209646 96.8267430564211 11.5982277003152 1.05775239209646 37.2576666012112 74.7959299486104
T 82.7827466201957 1.05775239209646 1.05775239209646 65.6126307524123 54.2213517095112 3.40974027387246 5.69421741072173
A 82.4349987340932 1.46857902481741 1.46857902481741 95.5942627034291 95.5942627034291 1.46857902481741 41.1147838945707
C 5.85500035959731 95.5942627034291 1.46857902481741 1.46857902481741 1.46857902481741 82.0842135003972 30.4972072342184
G 5.85500035959731 1.46857902481741 1.46857902481741 1.46857902481741 1.46857902481741 1.46857902481741 17.3045744395095
T 5.85500035959731 1.46857902481741 95.5942627034291 1.46857902481741 1.46857902481741 14.9786282278493 11.0834350817173
A 3.28949949438103 12.0155760980245 0.928038287147575 9.3880950088104 0.928038287147575 0.928038287147575 16.8134006494198
C 3.28949949438103 3.28949949438103 0.928038287147575 0.928038287147575 0.928038287147575 0.928038287147575 5.88521159600198
G 11.0439713317493 73.6509530719129 0.928038287147575 9.28381080311065 87.4690360827038 10.6748876184269 61.4269790967741
T 82.3770296755564 11.0439713317493 97.2158854139833 80.4000561763573 10.6748876184269 87.4690360827038 15.874408552863
A 97.986256700864 82.9912227345672 0.671247789631372 97.986256700864 7.72643138116462 0.671247789631372 49.2456365143676
C 0.671247789631372 15.6662817559278 97.986256700864 0.671247789631372 13.3262691177024 97.986256700864 15.3979898203796
G 0.671247789631372 0.671247789631372 0.671247789631372 0.671247789631372 0.671247789631372 0.671247789631372 17.1614806337828
T 0.671247789631372 0.671247789631372 0.671247789631372 0.671247789631372 78.2760517812594 0.671247789631372 18.1948931706103
A 88.1092803283992 88.1092803283992 0.966555329802597 97.1003341052362 49.7567600100071 0.966555329802597 32.8968086348239
C 0.966555329802597 0.966555329802597 88.1092803283992 0.966555329802597 0.966555329802597 97.1003341052362 10.5498416396872
G 9.9576091066395 9.9576091066395 9.9576091066395 0.966555329802597 9.9576091066395 0.966555329802597 27.1539616724664
T 0.966555329802597 0.966555329802597 0.966555329802597 0.966555329802597 39.3190756481947 0.966555329802597 29.3993876174639
A 3.30064741348171 26.3594053569917 89.0570775745253 0.945149550162688 0.945149550162688 76.2919910171658 29.3264286431909
C 3.30064741348171 0.945149550162688 0.945149550162688 10.3967999019798 0.945149550162688 0.945149550162688 37.3622512763058
G 90.0980581181854 71.7502956598235 0.945149550162688 76.2919910171658 97.1645514666528 21.8177099996493 17.2299786514308
T 3.30064741348171 0.945149550162688 9.05262344228984 12.3660596478323 0.945149550162688 0.945149550162688 16.0813417021854
A 0.965532451511902 18.6153135273642 97.1034031170204 0.965532451511902 0.965532451511902 76.3391151979633 31.2983970753302
C 0.965532451511902 0.965532451511902 0.965532451511902 10.6559739752812 0.965532451511902 0.965532451511902 30.8198301974468
G 97.1034031170204 79.4536220411681 0.965532451511902 76.3391151979633 97.1034031170204 21.7298203705689 19.2780278674256
T 0.965532451511902 0.965532451511902 0.965532451511902 12.0393788467996 0.965532451511902 0.965532451511902 18.6037445632929
A 3.28371276042897 0.925910296903044 97.2222694531267 0.925910296903044 0.925910296903044 59.0513369503245 36.0908628119485
C 3.28371276042897 0.925910296903044 0.925910296903044 19.7243057618107 0.925910296903044 0.925910296903044 19.0569154572861
G 90.1488620102929 97.2222694531267 0.925910296903044 68.6305926944115 97.2222694531267 39.0968427997055 36.7942102370767
T 3.28371276042897 0.925910296903044 0.925910296903044 10.7191915907109 0.925910296903044 0.925910296903044 8.05801124217138
A 3.22045160464388 0.863687553219887 97.4089375176424 0.863687553219887 0.863687553219887 59.1164699843775 36.5814774758368
C 3.22045160464388 0.863687553219887 0.863687553219887 19.3047176377405 0.863687553219887 0.863687553219887 27.1332870453425
G 90.3386454402843 97.4089375176424 0.863687553219887 68.9072028916931 97.4089375176424 39.1561550864848 28.2574184832671
T 3.22045160464388 0.863687553219887 0.863687553219887 10.9243920946485 0.863687553219887 0.863687553219887 8.02781663642895
A 32.8310090142541 89.7566337024074 1.01575478330609 1.01575478330609 96.9527360979772 5.76934479119749 64.9822554246116 33.9070646505922
C 40.7810043482976 3.4144555969364 1.01575478330609 1.01575478330609 1.01575478330609 63.0209308284194 18.8223937559225 31.3697725478643
G 13.1939932564949 3.4144555969364 96.9527360979772 96.9527360979772 1.01575478330609 16.5632566258594 8.09767527389904 21.8962235940942
T 13.1939932564949 3.4144555969364 1.01575478330609 1.01575478330609 1.01575478330609 14.646467730971 8.09767527389904 12.8269392101506
A 90.6348608959452 75.3416547466716 0.762885242361852 97.7113439113457 0.762885242361852 0.762885242361852 54.6032838368432
C 3.12171297914893 23.1325744070362 97.7113439113457 0.762885242361852 19.2342019516062 97.7113439113457 5.81726967114643
G 3.12171297914893 0.762885242361852 0.762885242361852 0.762885242361852 0.762885242361852 0.762885242361852 23.0545965203325
T 3.12171297914893 0.762885242361852 0.762885242361852 0.762885242361852 79.2400272021014 0.762885242361852 16.5248499377502
A 79.0790772967245 0.388111803242964 0.388111803242964 98.8356645330312 98.8356645330312 0.388111803242964 43.2036802900221
C 6.9736408567501 98.8356645330312 0.388111803242964 0.388111803242964 0.388111803242964 98.8356645330312 29.4945818273152
G 6.9736408567501 0.388111803242964 0.388111803242964 0.388111803242964 0.388111803242964 0.388111803242964 16.9992751280551
T 6.9736408567501 0.388111803242964 98.8356645330312 0.388111803242964 0.388111803242964 0.388111803242964 10.3024627770002
A 52.2103438857505 6.25411033390471 71.0227383551784 19.5493938585509 19.0298424233204 59.7975335867867 28.2501530938907 42.3025226947877
C 13.1798946798685 6.25411033390471 3.95577957708748 1.62832395264046 1.62832395264046 1.62832395264046 9.96234099840597 13.4511931116575
G 13.1798946798685 81.2376692659747 12.2693855728054 77.1939584159448 9.96234099840597 18.2454216289528 1.62832395264046 30.7950912737451
T 21.4298669224611 6.25411033390471 12.7520963956956 1.62832395264046 69.3794928054097 20.3287210113965 60.1591821348394 13.4511931116575
A 3.12550141352371 97.7566511731964 97.7566511731964 97.7566511731964 97.7566511731964 28.6074856419372 20.5580037672934
C 3.12550141352371 0.747783001000496 0.747783001000496 0.747783001000496 0.747783001000496 20.8827871764937 37.5666689283048
G 90.6234955489106 0.747783001000496 0.747783001000496 0.747783001000496 0.747783001000496 9.73854691339106 30.6196746055748
T 3.12550141352371 0.747783001000496 0.747783001000496 0.747783001000496 0.747783001000496 40.7711804443762 11.2556529929106
A 76.2509870175323 97.4051961825069 0.864934515937539 0.864934515937539 97.4051961825069 52.1991671568225 10.4219040959224
C 7.91633768215905 0.864934515937539 97.4051961825069 0.864934515937539 0.864934515937539 31.7983267747242 10.4219040959224
G 7.91633768215905 0.864934515937539 0.864934515937539 0.864934515937539 0.864934515937539 3.25968476589352 68.7342879365605
T 7.91633768215905 0.864934515937539 0.864934515937539 97.4051961825069 0.864934515937539 12.7428216292518 10.4219040959224
A 97.4659063714268 28.3085945567195 97.4659063714268 97.4659063714268 19.3759322124929 97.4659063714268 22.4875901129375
C 0.844697756161774 0.844697756161774 0.844697756161774 0.844697756161774 9.55764367951483 0.844697756161774 31.2169586293529
G 0.844697756161774 70.002009570869 0.844697756161774 0.844697756161774 70.2217259917426 0.844697756161774 22.5891494291442
T 0.844697756161774 0.844697756161774 0.844697756161774 0.844697756161774 0.844697756161774 0.844697756161774 23.706301907418
A 8.39260428943198 3.20012876579039 68.2892651008082 10.141816961188 7.96785053628415 83.2374390592383 20.0980990252196
C 8.39260428943198 3.20012876579039 0.856970229059915 0.856970229059915 7.92378364929286 10.2826922955015 22.1259632449877
G 74.8221868906303 90.3996138860931 29.996794629357 88.1442427689769 83.2513957736482 3.23993435304212 52.0674697139927
T 8.39260428943198 3.20012876579039 0.856970229059915 0.856970229059915 0.856970229059915 3.23993435304212 5.70846760890824
A 3.45599217136254 96.6920599644187 1.10264664414731 11.0708273625208 36.1518820358638 56.358453575312 10.2479925693738
C 3.45599217136254 1.10264664414731 1.10264664414731 10.0671958864918 1.10264664414731 5.77262188138635 10.2479925693738
G 3.45599217136254 1.10264664414731 96.6920599644187 20.2113005130197 10.0974778706823 32.0963025342606 69.256022136361
T 89.6320230826985 1.10264664414731 1.10264664414731 58.6506761348283 52.6479933461672 5.77262188138635 10.2479925693738
A 26.8546603675054 0.924450767852043 9.71392799523235 0.924450767852043 0.924450767852043 0.924450767852043 54.7425367691711
C 7.94929450336221 0.924450767852043 0.924450767852043 0.924450767852043 0.924450767852043 0.924450767852043 8.31238383985125
G 7.94929450336221 97.226647443589 0.924450767852043 97.226647443589 0.924450767852043 97.226647443589 18.3887509798094
T 57.2467507324113 0.924450767852043 88.4371702162086 0.924450767852043 97.226647443589 0.924450767852043 18.5563286833778
A 28.0940977387674 0.482091580160636 0.482091580160636 98.5537253926226 0.482091580160636 0.482091580160636 57.2987673780365
C 9.93223711789978 0.482091580160636 98.5537253926226 0.482091580160636 0.482091580160636 0.482091580160636 17.9058226557485
G 9.93223711789978 98.5537253926226 0.482091580160636 0.482091580160636 0.482091580160636 98.5537253926226 7.90052646057646
T 52.041427972722 0.482091580160636 0.482091580160636 0.482091580160636 98.5537253926226 0.482091580160636 16.8948836915445
A 38.2354399445965 41.1752335194953 1.14185917099152 1.14185917099152 96.5744225861085 1.14185917099152 82.41124571156
C 10.5642914855843 3.50622401422537 1.14185917099152 96.5744225861085 1.14185917099152 96.5744225861085 5.86291813894281
G 20.8524086046983 3.50622401422537 96.5744225861085 1.14185917099152 1.14185917099152 1.14185917099152 5.86291813894281
T 30.3478600631681 51.8123185769733 1.14185917099152 1.14185917099152 1.14185917099152 1.14185917099152 5.86291813894281
A 74.7525508197882 1.37923215663222 95.8623030057398 10.6063212569741 39.5411571372234 30.218206910235 62.6452358454033
C 8.41581637914671 1.37923215663222 1.37923215663222 1.37923215663222 1.37923215663222 10.6063212569741 6.08185906774247
G 8.41581637914671 1.37923215663222 1.37923215663222 1.37923215663222 1.37923215663222 10.2597464144829 25.1910460592564
T 8.41581637914671 95.8623030057398 1.37923215663222 86.6352139053979 57.7003780251486 48.9157248939445 6.08185906774247
A 3.41734561898668 1.06653414340014 1.06653414340014 17.8966558512777 1.06653414340014 1.06653414340014 5.79608409606342
C 3.41734561898668 1.06653414340014 1.06653414340014 1.06653414340014 1.06653414340014 1.06653414340014 5.79608409606342
G 41.2725579335108 32.267565287555 20.3005139194524 45.9774848857406 1.06653414340014 96.8003975201292 5.79608409606342
T 51.8927512640104 65.5993663759742 77.5664177440769 35.0593250699111 96.8003975201292 1.06653414340014 82.6117474299829
A 19.3812150073848 9.34422444376736 0.866128119750181 0.866128119750181 0.866128119750181 0.866128119750181 3.2285877391801
C 37.4055159153175 0.866128119750181 0.866128119750181 0.866128119750181 0.866128119750181 0.866128119750181 11.3439505111696
G 19.4481113871575 0.866128119750181 0.866128119750181 0.866128119750181 0.866128119750181 0.866128119750181 11.4828989441725
T 23.7651577618234 88.9235188851008 97.401615209118 97.401615209118 97.401615209118 97.401615209118 73.9445632248909
A 41.2365140472584 1.45252160073923 1.45252160073923 95.6424355923658 1.45252160073923 1.45252160073923 24.9670933430663
C 10.6883253308221 1.45252160073923 95.6424355923658 1.45252160073923 1.45252160073923 1.45252160073923 42.5963331655786
G 10.6883253308221 95.6424355923658 1.45252160073923 1.45252160073923 1.45252160073923 95.6424355923658 16.3663669644196
T 37.386834669602 1.45252160073923 1.45252160073923 1.45252160073923 95.6424355923658 1.45252160073923 16.0702066884987
A 12.9454268482862 65.6153742144596 95.0383768866942 1.65387444400462 1.65387444400462 95.0383768866942 6.37184011453699 30.5151488291231
C 42.5941825198073 8.44131765659118 1.65387444400462 95.0383768866942 1.65387444400462 1.65387444400462 80.8844794932511 13.7316172069145
G 31.5149636864589 8.44131765659118 1.65387444400462 1.65387444400462 1.65387444400462 1.65387444400462 6.37184011453699 33.6410153085593
T 12.9454268482862 17.5019900014733 1.65387444400462 1.65387444400462 95.0383768866942 1.65387444400462 6.37184011453699 22.1122192091636
A 100 100 0 92.307692307692 15.384615384615 0
C 0 0 76.923076923077 0 7.6923076923077 84.615384615385
G 0 0 23.076923076923 0 0 0
T 0 0 0 7.6923076923077 76.923076923077 15.384615384615
A 100 100 0 100 10 0
C 0 0 80 0 20 90
G 0 0 10 0 0 0
T 0 0 10 0 70 10
A 11.111111111111 5.5555555555556 5.5555555555556 72.222222222222 11.111111111111 88.888888888889 33.333333333333 0 100 0 0 0 5.5555555555556
C 0 77.777777777778 94.444444444444 11.111111111111 44.444444444444 0 66.666666666667 100 0 50 100 0 83.333333333333
G 77.777777777778 11.111111111111 0 0 22.222222222222 0 0 0 0 0 0 100 0
T 11.111111111111 5.5555555555556 0 16.666666666667 22.222222222222 11.111111111111 0 0 0 50 0 0 11.111111111111
A 0 0 0 0 0 100
C 0 25 0 0 0 0
G 75 0 100 0 100 0
T 25 75 0 100 0 0
A 7.0175438596491 100 0 0 100 100 0
C 3.5087719298246 0 100 0 0 0 87.719298245614
G 10.526315789474 0 0 0 0 0 0
T 78.947368421053 0 0 100 0 0 12.280701754386
A 29.8745043927636 0.3967692980552 0.3967692980552 98.8096922085338 0.3967692980552 0.3967692980552 40.5194573634082
C 5.12258035946438 0.3967692980552 98.8096922085338 0.3967692980552 0.3967692980552 0.3967692980552 38.9106701227325
G 5.12258035946438 98.8096922085338 0.3967692980552 0.3967692980552 0.3967692980552 98.8096922085338 10.2849361903183
T 59.8803348190284 0.3967692980552 0.3967692980552 0.3967692980552 98.8096922085338 0.3967692980552 10.2849361903183
A 55 0 85 80 5 60 75 0
C 5 5 0 5 5 0 0 90
G 30 95 10 10 85 40 25 0
T 10 0 5 5 5 0 0 10
A 82.352941176471 0 0 0 0 11.764705882353 52.941176470588
C 5.8823529411765 100 0 94.117647058824 0 88.235294117647 5.8823529411765
G 5.8823529411765 0 100 5.8823529411765 88.235294117647 0 29.411764705882
T 5.8823529411765 0 0 0 11.764705882353 0 11.764705882353
A 6.03265341719456 1.30412745122818 1.30412745122818 1.30412745122818 20.2543478392952 1.30412745122818 6.02729456470117
C 6.03265341719456 1.30412745122818 1.30412745122818 1.30412745122818 1.30412745122818 1.30412745122818 6.02729456470117
G 6.03265341719456 96.0876174794284 1.30412745122818 85.8392416876179 40.0628525557848 47.8254426039564 73.174716908235
T 81.9020397058174 1.30412745122818 96.0876174794284 11.5525032430386 38.3786719868048 49.5663023267001 14.7706944715558
A 55.555555555556 22.222222222222 2.7777777777778 97.222222222222 5.5555555555556 55.555555555556 27.777777777778 94.444444444444 22.222222222222 0
C 11.111111111111 0 0 2.7777777777778 91.666666666667 0 0 2.7777777777778 5.5555555555556 97.222222222222
G 11.111111111111 55.555555555556 94.444444444444 0 2.7777777777778 38.888888888889 69.444444444444 2.7777777777778 72.222222222222 0
T 22.222222222222 22.222222222222 2.7777777777778 0 0 5.5555555555556 2.7777777777778 0 0 2.7777777777778
